4096
4096
4096
1048
4096
4096
4096
4096
4096
1314
1109
4096
4096
4096
4096
4096
570
570
4096
23952
30032
25080
1456
38817
4096
80624
1238
8303
8033
4096
4096
2204
457
262
1565
1566
1567
1567
4096
4096
5504
4096
13000
12448
46392
39992
1137
5856
1618
772
870
59132
11143
4096
3298
1734
3691
1405
1046
969
4096
115024
128144
197048
122376
117696
865408
107840
686720
1137
5856
1612
4096
8368
2216
4096
4096
4096
4096
4096
4096
819
2772
10513
10513
4096
4096
4096
819
2772
10513
10513
4096
23691
5512
4013
4285
4096
4096
4096
4096
4096
4096
4096
4096
4096
166366
99854
10128
4162
4096
4096
28792
15247
4096
3103
4495
1392
3103
123462
12288
305
380
479
739
565
42304
20294
29526
31148
24465
23691
14719
21596
15866
4096
4096
4096
4096
803
805
2763
10701
10131
31106
19819
31895
52494
1056
9420
1107
6297
12558
2200
4096
1330
1917
1761
2247
4096
152428
152427
152392
152401
152433
152442
152408
152345
152479
152428
152420
152458
